563.73
382.96
571.58
375.24
574.30
359.92
574.68
451.48
436.00
444.57
392.90
350.13
352.83
526.48
363.71
564.98
538.33
395.03
546.81
519.96
510.43
303.88
434.17
344.84
540.41
444.85
455.92
421.24
416.43
534.81
467.38
486.81
482.19
421.58
361.71
370.65
502.83
349.53
513.85
492.62
343.84
438.13
371.16
404.10
333.10
342.62
557.56
411.03
402.51
439.26
526.65
438.78
402.56
535.49
436.56
518.78
551.40
471.71
300.69
537.48
339.70
419.00
446.67
403.56
541.83
421.59
453.28
527.36
558.59
557.49
439.28
378.92
350.30
570.56
370.66
497.71
375.62
508.55
493.92
340.18
375.60
369.48
412.09
382.38
384.69
547.57
419.47
440.75
402.78
440.55
432.31
449.30
493.35
401.22
476.50
396.27
523.31
460.13
416.53
484.70
1008.44
824.07
995.98
885.50
1079.12
778.07
785.07
816.50
984.30
762.85
778.83
816.22
1132.66
815.28
1175.20
769.76
1081.18
774.68
1059.27
792.30
870.15
822.86
979.05
1112.39
786.74
823.77
981.99
971.88
755.99
945.00
785.77
1032.57
1038.46
990.04
779.94
968.52
975.97
1100.68
812.26
1124.10
935.30
1050.69
1146.97
954.26
1104.86
1086.44
910.22
876.17
1006.57
784.33
1000.14
862.42
1069.28
861.90
623.50
962.93
1119.25
1074.69
1004.13
765.57
1122.29
865.56
1049.58
1008.15
801.56
1115.62
943.49
1003.11
876.73
660.75
924.45
1036.63
955.69
694.02
726.30
1125.60
904.54
1029.27
946.41
753.66
886.27
775.88
990.57
881.80
1126.93
818.57
905.47
1010.25
820.68
860.69
817.14
1153.74
1046.27
864.78
719.43
1043.12
1094.81
873.80
896.58
1012.23
1566.44
1218.01
1500.00
1439.48
1071.15
1500.00
1468.55
1389.63
1422.79
1500.00
1348.56
1480.58
1212.98
1427.59
1179.62
1500.00
1063.24
1432.91
1452.23
1493.73
1378.59
1500.00
1500.00
1612.48
1665.97
1002.55
1378.99
1119.10
1437.85
1548.14
962.65
1379.85
1500.00
1242.36
1261.48
1202.93
1444.18
1274.62
1518.61
1185.21
1443.98
1075.33
1126.13
1245.43
1289.26
1519.02
1448.36
1646.39
1379.86
1500.00
1574.48
1523.95
1503.96
1090.98
1586.83
1355.33
1202.51
1289.39
1521.35
1421.97
1042.48
1541.35
1500.00
1570.73
1108.52
1500.00
1500.00
1434.83
1500.00
1553.00
1509.38
1586.15
1303.09
1340.28
1187.50
1212.82
1500.00
1337.47
1259.83
1403.75
1507.48
1357.40
1539.42
1604.16
1330.58
1615.23
1235.99
1173.51
1191.32
1412.12
1648.46
1369.40
1508.63
1633.03
1524.36
1053.26
1458.00
1727.05
1447.50
1579.17
1273.29
1104.33
510.59
949.77
465.08
951.03
466.93
544.30
642.09
1153.60
549.06
493.87
905.16
542.93
518.50
1089.66
1130.88
431.04
520.52
488.15
1180.40
976.04
822.38
685.92
715.56
536.28
1172.42
1059.34
482.50
915.78
524.34
605.24
631.24
1394.41
733.75
883.84
781.90
589.56
1103.15
1165.06
723.61
1002.00
733.00
1246.15
1106.13
670.80
803.92
588.35
499.60
1115.55
1221.59
978.24
629.47
1113.53
467.66
768.22
518.14
556.89
565.42
735.66
776.58
510.82
1198.21
666.68
565.55
853.69
1201.67
514.91
763.95
541.64
1183.22
498.86
562.27
618.55
616.31
1078.07
512.04
579.24
814.59
1189.91
847.41
1132.25
503.55
442.57
1035.80
525.06
1391.81
529.78
619.21
1086.92
625.25
1111.25
494.11
483.14
1221.29
1120.35
709.78
727.28
1190.69
1090.27
1472.45
430.21
1326.45
1360.30
691.04
678.80
1136.97
1170.10
804.37
1381.10
630.20
679.84
1119.82
1132.65
1059.34
792.04
1474.80
700.90
1342.60
642.85
1064.70
684.20
1035.25
1224.70
1028.30
1039.20
1278.50
847.50
673.25
1403.40
700.70
823.30
1085.94
941.60
860.30
1505.70
993.25
833.70
1078.96
649.52
1183.90
1376.60
637.24
438.59
769.95
1380.10
535.28
982.27
1484.00
845.05
ERROR
ERROR
ERROR
ERROR
ERROR
ERROR
ERROR
ERROR
ERROR
ERROR
ERROR
ERROR
ERROR
ERROR
ERROR
ERROR
ERROR
ERROR
ERROR
ERROR
ERROR
ERROR
ERROR
ERROR
ERROR
ERROR
ERROR
ERROR
ERROR
ERROR
ERROR
ERROR
ERROR
ERROR
ERROR
ERROR
ERROR
ERROR
ERROR
ERROR
ERROR
ERROR
ERROR
ERROR
ERROR
ERROR
ERROR
ERROR
ERROR
ERROR
ERROR
ERROR
ERROR
ERROR
ERROR
ERROR
ERROR
ERROR
ERROR
ERROR
ERROR
ERROR
ERROR
ERROR
ERROR
ERROR
ERROR
ERROR
ERROR
ERROR
ERROR
ERROR
ERROR
ERROR
ERROR
ERROR
ERROR
ERROR
ERROR
ERROR
ERROR
ERROR
ERROR
ERROR
ERROR
ERROR
ERROR
ERROR
ERROR
ERROR
ERROR
ERROR
ERROR
ERROR
ERROR
ERROR
ERROR
ERROR
ERROR
ERROR
ERROR
ERROR
ERROR
ERROR
ERROR
ERROR
ERROR
ERROR
ERROR
ERROR
1080.23
ERROR
ERROR
ERROR
ERROR
ERROR
ERROR
ERROR
ERROR
ERROR
ERROR
ERROR
ERROR
ERROR
ERROR
ERROR
ERROR
ERROR
ERROR
ERROR
ERROR
ERROR
ERROR
ERROR
ERROR
ERROR
ERROR
ERROR
ERROR
ERROR
ERROR
ERROR
ERROR
ERROR
ERROR
ERROR
ERROR
ERROR
ERROR
ERROR
ERROR
ERROR
ERROR
ERROR
ERROR
ERROR
ERROR
ERROR
ERROR
ERROR
ERROR
ERROR
ERROR
ERROR
ERROR
ERROR
ERROR
ERROR
ERROR
ERROR
ERROR
ERROR
ERROR
ERROR
ERROR
ERROR
ERROR
ERROR
ERROR
ERROR
ERROR
ERROR
ERROR
ERROR
ERROR
ERROR
ERROR
ERROR
ERROR
ERROR
ERROR
ERROR
ERROR
ERROR
ERROR
ERROR
ERROR
ERROR
ERROR
ERROR
1317.83
1314.98
1493.99
1422.98
1031.24
1558.92
1460.22
1145.82
1357.47
1109.79
1475.29
1125.34
1356.21
1145.64
1511.59
1501.47
1445.89
1460.70
1387.85
1168.25
1123.16
1349.38
1304.78
1092.96
1465.57
1062.64
1294.58
1451.70
944.14
1381.19
1483.65
1428.44
1121.95
1136.47
1363.87
1485.10
960.81
1523.90
1599.20
947.48
1341.45
1524.89
1120.64
1330.47
1345.26
1553.21
1050.54
1484.14
1560.37
1479.65
982.42
1443.79
1275.61
1063.94
1549.42
1156.82
1088.13
1397.78
1033.38
1279.15
1058.21
1063.65
1041.08
1412.55
1099.16
1186.23
1133.75
1010.44
1579.67
966.28
1553.84
1304.95
1061.51
1139.22
1514.75
1470.15
1022.24
1358.48
1504.20
1021.29
1497.29
1250.17
1416.02
1583.65
1345.70
1325.22
1481.22
1247.49
1016.32
1379.51
978.04
1365.68
1534.94
1360.39
1477.72
1430.71
1504.88
1350.56
965.44
1423.20
565.07
514.00
1387.41
1500.00
677.58
903.88
1392.02
1404.95
819.45
1500.00
1500.00
731.78
1500.00
1344.80
591.17
1500.00
1462.28
1070.54
1500.00
1500.00
646.34
1500.00
1540.64
1500.00
1615.44
1281.62
894.19
1236.35
1500.00
1458.30
1354.38
879.46
1500.00
392.89
826.29
1668.48
967.78
1500.00
1225.67
542.84
1546.10
1591.88
1505.31
844.73
452.00
1513.66
1500.00
695.11
1043.06
581.94
931.46
991.75
1500.00
1500.00
963.84
1215.80
1357.59
1087.56
525.40
1500.00
1508.05
1530.12
413.40
409.42
1216.30
451.27
1420.30
1732.88
570.15
1250.92
1664.15
491.14
646.34
693.40
766.11
753.67
1445.32
902.71
484.91
1168.10
1505.17
1455.04
757.94
1256.76
446.44
1701.32
951.73
1256.01
1109.89
1500.00
1624.51
569.18
1530.28
527.61
577.27
934.31
1270.18
541.11
465.41
1030.97
1432.01
1053.33
1163.40
1500.00
1191.02
1156.22
1131.08
992.03
546.25
1559.02
1679.44
592.25
1506.86
635.73
590.09
1441.91
1645.27
701.99
1488.48
878.24
1118.88
1540.27
944.79
1188.98
401.42
1640.79
1567.29
938.56
807.56
1500.00
434.22
1126.98
621.89
334.59
566.71
728.04
590.37
485.51
1169.29
523.44
442.97
629.72
904.45
1500.00
1211.01
1677.74
1500.00
1091.09
673.50
1353.17
956.10
1414.83
1500.00
1642.46
1257.71
908.85
867.28
480.70
1321.87
1461.29
1500.00
1078.95
476.02
605.66
1215.29
1349.66
1136.25
846.19
1349.67
1500.00
1500.00
1500.00
1094.13
1500.00
525.30
664.06
1504.04
1500.00
1047.12
1152.46
1234.57
1363.17
1552.12
1179.82
1184.88
718.97
735.04
369.87
854.32
1606.58
1500.00
1500.00
657.30
1018.68
1220.51
1187.36
1384.58
1113.15
542.67
1477.17
594.18
622.09
1500.00
1156.02
1040.71
1528.16
706.93
657.69
885.82
1500.00
661.30
1500.00
1105.32
558.27
1299.45
1500.00
1497.97
1712.29
638.71
1388.44
836.57
1500.00
1120.48
1541.59
529.80
1029.63
602.99
626.12
704.23
1500.00
430.37
1462.89
1505.25
1399.63
1500.00
747.22
1500.00
1500.00
1500.00
1500.00
824.39
938.46
1494.27
897.57
1500.00
1500.00
602.68
1030.02
1250.17
1170.38
833.74
807.15
1500.00
1117.09
1500.00
1500.00
845.23
1430.50
1153.33
1761.51
1548.18
1500.00
1136.42
1279.49
894.33
914.08
699.74
701.93
1310.44
1522.01
877.12
1170.52
854.90
1277.53
1107.24
1586.29
1572.84
1304.08
1439.11
799.81
544.46
1067.48
581.22
514.10
534.41
1089.63
959.32
1199.28
1395.96
928.79
799.95
790.28
1500.00
1504.10
1154.61
1287.85
855.02
1500.00
1106.99
991.17
1104.74
1500.00
494.61
1500.00
561.80
1349.78
1500.00
1022.54
1162.44
1500.00
1424.26
1532.53
1538.37
996.63
1092.48
630.26
1314.44
1313.36
1453.38
906.92
729.16
1331.61
516.16
1430.03
583.03
768.26
1383.03
788.17
1500.00
1161.24
872.82
1573.80
1313.55
1161.48
1217.30
491.09
1258.52
1500.00
1388.35
547.23
1305.07
799.23
1422.37
1433.17
826.97
573.57
718.17
1368.90
1500.00
1500.00
1356.52
1172.24
1500.00
1219.89
1500.00
1500.00
1435.58
1011.21
1283.68
1500.00
1500.00
1334.09
1095.15
1500.00
804.82
865.95
1539.25
1140.59
1500.00
1472.06
795.72
1376.79
1500.00
469.32
1051.40
578.17
1184.22
1420.08
865.05
930.27
751.17
1302.29
1300.48
1320.84
636.91
560.44
1103.90
726.19
1550.77
1618.35
578.46
1119.52
1527.76
1015.51
1180.24
1070.45
1350.14
1376.71
1500.00
422.47
1196.76
1274.52
562.61
1500.00
492.14
1193.64
1148.00
1007.29
1500.00
1049.41
801.98
1365.54
1014.03
1379.49
963.16
1558.81
705.64
573.82
879.55
1346.40
1177.99
686.06
1485.61
1161.64
1530.78
1408.36
1317.65
599.29
1500.00
1235.70
977.13
1087.84
796.90
1358.97
1500.00
1363.02
997.24
664.39
1458.89
1296.80
1349.34
1205.45
1195.68
1500.00
1071.05
1500.00
1500.00
871.34
1500.00
1436.59
963.03
1245.97
748.82
1277.36
591.87
438.59
1500.00
1180.27
1313.60
965.05
1575.63
477.21
1500.00
850.58
1120.79
1337.69
450.59
1184.03
1512.34
559.40
1438.74
632.34
689.50
1388.76
649.55
1632.50
578.73
908.75
1168.02
618.58
676.47
1300.30
597.28
1544.69
1487.85
709.54
1515.46
1022.82
585.92
821.37
403.64
1375.19
535.97
1117.58
1362.68
980.57
1535.26
1500.00
1144.00
558.51
1622.62
1153.62
1284.22
497.01
838.69
1135.22
641.06
1262.50
1045.74
1500.00
641.30
992.05
1500.00
1518.53
902.90
1004.31
1500.00
1367.34
1232.79
996.18
868.38
563.12
1192.89
1365.02
607.82
1085.53
1522.25
1341.71
1244.69
1013.52
953.13
1143.03
454.01
1293.35
1615.08
701.98
1654.29
534.81
703.01
1388.79
746.89
1696.61
975.81
1486.92
651.27
1500.00
1040.29
1005.04
659.14
943.49
1500.00
490.79
1182.43
682.73
1332.41
1500.00
1432.34
1500.00
521.40
483.43
1345.66
952.26
880.56
1322.45
1500.00
1468.87
905.71
1206.71
1359.82
692.51
1473.56
1239.41
702.20
1513.21
1187.37
648.75
580.58
1250.26
505.74
524.79
836.80
1335.85
1475.91
1500.00
591.00
757.72
1123.34
1030.08
917.09
380.90
602.38
673.42
548.41
492.71
908.00
1066.21
1556.13
1399.92
663.90
1005.86
1552.31
941.03
532.61
795.03
1500.00
1616.38
1189.63
1519.32
557.31
1303.24
1197.30
836.93
479.66
1184.25
1380.60
608.33
710.83
818.07
1113.95
1641.44
1500.00
1393.60
1071.07
1500.00
1500.00
1162.96
769.28
647.42
1137.26
659.78
1324.75
506.96
1265.09
1298.04
992.37
484.77
1500.00
1050.21
1071.20
1036.98
509.22
1500.00
1442.58
1500.00
1695.29
904.40
575.50
1465.50
568.52
751.99
1063.11
628.10
1494.87
1662.59
1318.58
822.94
1659.74
680.05
1584.58
558.48
512.59
1169.74
1098.89
1426.89
560.98
651.64
978.23
1190.28
1118.39
1500.00
1500.00
1414.63
1285.84
1500.00
717.49
1276.84
1428.65
1644.35
510.16
1243.47
602.36
595.69
974.13
1389.20
902.67
439.25
1464.11
735.65
965.57
1500.00
603.90
1500.00
687.38
1655.19
1080.82
1421.32
1104.98
1500.00
555.60
1374.17
1500.00
1378.07
718.86
595.03
595.29
1290.45
828.64
1221.49
670.34
623.10
1077.57
1068.59
519.67
1389.01
1500.00
558.42
518.64
1265.09
1347.78
635.08
1500.00
1033.69
533.04
911.62
1429.96
543.21
1062.61
884.42
671.45
648.50
1734.10
1266.27
459.33
1030.66
610.84
1500.00
1447.80
565.07
586.98
800.85
1500.00
1335.69
507.89
540.13
1500.00
1088.03
1157.06
1421.18
1331.01
1244.67
1121.33
1471.54
391.21
1500.00
1550.41
1493.13
956.05
784.33
580.07
1420.15
1339.43
1158.87
1500.00
949.45
774.34
1076.88
552.92
1390.89
1376.55
1360.95
888.60
432.52
1006.63
547.92
1118.46
501.74
1357.46
730.08
1298.36
800.09
925.06
556.52
1500.00
1274.81
947.03
1489.98
1500.00
1040.00
412.27
619.28
430.58
963.94
1497.61
783.16
1392.97
1520.06
1500.00
1500.00
864.96
624.35
1024.94
1340.67
1460.98
1143.83
509.06
968.25
583.30
752.30
1055.55
1349.63
1009.35
409.09
531.81
777.47
1305.35
688.51
1537.57
558.78
647.89
1134.93
1198.66
1298.15
1500.00
1278.46
698.71
1543.74
670.88
1500.00
501.91
1022.43
1199.32
1346.76
1500.00
1016.52
1015.53
1027.54
895.65
977.34
1500.00
1435.89
747.37
1576.13
667.56
1135.80
1257.28
949.73
798.98
1173.26
1500.00
1500.00
1120.63
1301.00
639.26
1462.57
1121.93
1500.00
1122.58
1155.98
585.49
543.81
1577.56
1500.00
1659.45
865.14
1500.00
1213.73
1500.00
1007.12
683.66
754.87
1331.99
610.75
859.03
698.22
1079.05
1342.68
1186.69
1563.89
616.09
450.87
659.60
1472.73
882.80
1319.01
653.51
1199.17
547.80
1073.00
1091.69
636.65
1439.86
1387.96
1068.46
1295.79
474.94
1044.79
507.74
1588.42
1122.13
638.93
962.97
695.68
1500.00
1500.00
1500.00
1249.63
554.68
1343.64
842.19
656.91
906.28
949.69
528.29
975.62
1531.13
1500.00
974.85
593.25
480.89
1208.54
562.77
1500.00
1001.54
430.43
994.86
879.04
1556.28
1313.08
1288.17
676.36
1240.20
1510.96
586.40
921.95
1500.00
1381.87
1304.49
1374.51
1464.11
1248.87
999.05
561.64
758.83
1465.45
674.47
1165.58
647.59
436.96
1500.00
621.50
859.79
1022.90
1500.00
489.84
1612.44
1541.18
653.03
1288.41
1497.80
894.63
930.89
690.16
565.49
974.80
1500.00
558.13
1174.57
461.45
1349.16
1392.78
1436.77
1500.00
522.49
799.24
1141.48
1214.91
978.23
1123.79
1500.00
1391.19
1460.88
1404.90
1500.00
1333.82
1003.71
842.48
688.49
956.12
925.43
1404.12
1200.83
1697.48
1419.42
1201.38
1500.00
1496.82
1205.00
1322.30
1094.66
685.84
467.69
855.32
1662.10
417.50
1493.68
1155.37
1284.99
1270.48
1347.53
1500.00
1251.08
1589.76
1500.00
1383.97
1126.18
1341.69
1500.00
791.53
657.97
901.48
1500.00
1389.16
947.00
1500.00
853.39
430.25
533.11
1044.20
1325.93
446.59
1111.37
1120.59
545.81
1350.87
1478.18
782.58
610.33
1134.49
644.47
1500.00
1500.00
1403.75
1005.76
766.79
1500.00
880.14
663.57
1116.67
1319.32
900.68
507.88
1524.69
1500.00
649.46
1500.00
1292.40
1414.78
1026.63
1255.67
1500.00
958.89
1500.00
786.23
1481.33
807.17
1339.60
1054.00
1158.75
908.27
1500.00
1249.80
717.56
874.63
910.85
649.48
1500.00
1445.44
782.76
612.67
1427.32
1262.38
918.82
611.66
1232.60
1189.96
475.52
425.08
605.51
648.87
488.83
520.84
929.03
465.79
494.06
397.11
1233.90
625.00
582.79
1311.74
984.69
1642.42
1307.26
998.30
1011.87
900.75
977.26
958.31
659.54
1500.00
1276.92
1107.36
797.63
1552.70
1443.72
761.97
766.63
614.70
1549.18
997.55
645.56
1352.87
1423.22
1378.83
1500.00
630.28
1364.42
1624.69
505.69
853.29
682.09
875.28
1072.06
557.71
1125.87
1521.32
1153.54
625.72
978.54
1086.27
965.67
1500.00
1311.92
1500.00
904.06
592.69
1541.84
551.65
846.35
1526.96
535.35
668.34
647.42
1273.63
620.90
938.12
1208.49
466.74
388.35
1415.54
884.53
1297.58
555.25
756.06
1052.37
1014.11
1500.00
701.55
1500.00
1635.43
1500.00
1473.09
814.26
1300.75
544.89
1421.89
1070.11
442.52
1299.79
367.79
1226.03
1558.80
492.30
1230.00
613.81
713.23
1380.27
785.46
957.50
501.72
1500.00
1500.00
854.21
703.48
678.34
1570.48
350.35
1038.37
1552.29
1013.51
546.03
1490.33
1048.88
837.68
1001.23
1419.38
1380.93
906.94
1395.08
1435.79
530.27
1500.00
1590.33
1099.84
1083.60
776.52
961.17
1500.00
915.79
1314.56
723.12
1500.00
740.92
963.97
1585.29
1421.97
735.87
935.61
694.26
1646.62
850.72
1375.27
833.74
1385.62
1165.18
1523.54
1513.58
772.39
463.95
909.67
950.29
1429.14
1160.32
1389.66
849.76
1500.00
1251.50
1500.00
495.46
1500.00
1351.72
780.81
1165.42
1500.00
639.07
1500.00
656.79
1110.31
1109.76
999.05
1168.22
618.40
969.40
1003.87
1631.87
486.24
1500.00
696.72
513.29
744.27
1007.16
1464.30
1143.29
1459.33
1451.32
1500.00
527.02
1028.67
1537.96
1500.00
1163.98
492.01
624.70
1061.03
1496.42
1021.73
390.05
1584.09
436.01
537.42
1295.33
1490.23
1446.48
607.77
839.16
1500.00
1500.00
1042.74
620.01
1500.00
904.19
546.71
1426.20
1500.00
1609.63
1270.55
902.22
1231.05
840.34
1509.79
1197.11
980.54
1489.14
1407.39
758.14
725.69
1003.55
1624.78
747.72
1615.88
727.32
1612.99
1277.30
1200.66
1500.00
483.45
1500.00
649.79
757.83
1009.29
1393.56
657.24
1500.00
1446.65
715.53
955.83
1342.17
1474.07
1500.00
919.54
949.19
1044.02
449.47
1450.00
1224.57
814.32
1131.32
1500.00
739.69
1494.76
706.30
1340.55
501.29
1428.36
1500.00
1387.39
1500.00
1235.38
1481.39
522.93
1494.78
536.08
1500.00
1531.58
1339.66
884.55
679.89
1357.02
1250.40
1362.48
1313.64
519.91
587.49
914.40
1571.47
513.80
1141.98
997.78
1541.31
1500.00
714.09
1163.05
1500.00
1374.90
657.20
930.20
845.58
942.94
1264.99
1500.00
910.99
1135.57
959.54
673.91
1073.96
589.34
1354.18
1448.69
508.44
1109.89
949.31
1500.00
1230.21
1424.95
1701.66
534.30
1261.44
1369.86
910.50
561.78
876.70
709.81
1028.97
1500.00
1597.75
1240.34
1403.84
508.94
612.86
1260.81
445.45
685.14
531.42
564.85
556.24
863.65
1394.79
615.32
1256.03
1061.89
1500.00
984.94
864.75
1269.74
1259.73
1073.75
1500.00
1339.78
1500.00
1500.00
1536.74
960.47
548.97
1239.40
1171.94
1355.10
510.74
1533.37
1500.00
1107.75
1365.20
778.42
485.27
884.32
1128.02
404.15
572.33
1011.17
1500.00
1092.64
1500.00
904.06
1733.26
928.72
542.13
1547.27
956.99
555.37
772.94
633.37
1500.00
1500.00
1149.97
559.16
1500.00
1328.45
731.92
1198.72
491.78
1419.45
1051.39
1322.96
1500.00
809.22
1466.13
386.99
1752.62
526.86
1500.00
1343.08
424.38
1442.36
1751.82
886.66
942.56
667.42
697.78
1500.00
861.00
884.22
1322.08
717.37
1500.00
1333.65
1499.93
473.23
1500.00
668.30
452.94
1500.00
1344.65
1543.48
937.07
617.24
1650.21
827.81
1011.87
1050.52
1172.38
1177.19
1297.60
486.04
1506.22
755.60
783.14
1340.95
964.84
1500.00
924.11
543.17
1175.63
1462.58
519.82
619.93
610.81
1431.37
644.12
594.65
1459.18
1168.67
1500.00
993.23
1500.00
993.78
1646.09
1500.00
686.50
756.27
1195.03
1267.76
1500.00
1584.86
636.69
1330.67
1091.31
1345.32
763.70
1111.06
698.09
1141.72
1500.00
1391.50
1471.45
1375.62
622.31
1351.83
1322.51
1382.20
564.76
908.08
958.98
725.00
670.26
962.27
1082.83
1056.89
1747.87
1272.20
436.39
522.05
1500.00
780.27
1477.74
1500.00
474.64
931.45
1500.00
500.65
1249.32
1278.43
1007.85
1315.28
1147.84
1126.63
1500.00
1555.49
1031.99
484.79
1500.00
1454.22
1459.40
1201.73
1179.13
1286.20
1500.00
1342.44
581.54
620.37
1149.44
700.51
751.38
841.19
971.51
1102.80
393.16
847.48
1500.00
1500.00
1451.89
1502.49
1025.17
1096.42
1175.78
913.34
502.00
793.19
1136.03
1458.74
1239.37
962.37
512.93
1500.00
1500.00
1404.21
986.87
1277.09
930.77
1500.00
795.83
1057.90
774.61
475.95
1292.33
1500.00
1017.07
1171.13
1035.61
1403.88
1500.00
705.72
1263.63
1475.24
925.39
909.15
1249.23
727.89
1273.87
723.09
1248.74
1015.46
1484.08
1012.95
690.54
1138.80
1143.11
1207.94
489.98
1519.78
557.41
1038.06
1747.45
380.09
1581.40
486.82
914.26
467.79
1430.47
561.17
306.23
546.86
1431.09
1055.92
840.01
1219.36
1500.00
1150.82
1295.56
1500.00
1246.14
999.02
1177.40
662.24
1710.24
1399.70
876.18
1500.00
952.40
1303.00
1418.86
1500.00
900.17
1313.19
1203.77
716.56
1426.75
1507.33
1168.43
949.71
503.45
1500.00
1058.49
875.54
1457.83
955.64
1208.60
1406.92
1373.23
714.25
649.83
958.68
1596.15
780.21
1391.07
614.67
1500.00
1125.50
1278.17
1508.13
1553.59
1362.88
1573.29
1234.47
1356.90
1564.63
433.42
1500.00
1500.00
1500.00
1003.60
1500.00
622.27
574.39
1500.00
333.47
958.09
1373.72
419.69
1500.00
1714.10
1156.23
690.48
951.35
1221.00
741.65
1362.05
1500.00
990.90
1193.99
1662.66
984.61
1139.61
890.57
786.73
422.89
1337.81
675.23
792.33
1047.55
641.29
1153.98
1554.20
1088.24
1500.00
576.96
636.76
1492.61
1500.00
431.08
431.25
1419.24
1473.94
1232.41
1028.05
1142.60
482.34
558.53
1550.87
583.20
1069.49
1360.96
1500.00
1568.83
904.40
1350.45
1551.78
631.03
1500.00
1500.00
1223.89
1507.64
746.44
1274.14
1346.03
878.21
1500.00
905.18
943.79
577.43
1500.00
543.65
1098.49
914.59
610.91
1149.51
1155.09
1270.68
1500.00
1107.34
1269.87
1429.11
1353.09
515.42
865.28
718.54
1227.14
1103.68
1500.00
1500.00
436.62
636.05
1266.40
1500.00
400.21
1500.00
1072.14
1371.83
646.63
806.69
1715.39
558.01
340.49
1500.00
1455.30
561.68
1268.20
514.41
615.17
984.28
1500.00
913.60
912.14
941.90
1514.64
1490.85
1266.30
1386.17
1500.00
495.71
1009.48
1300.02
1213.40
529.86
865.00
1302.37
1554.26
1500.00
1220.15
754.36
1500.00
1420.54
1395.85
1473.64
1045.73
596.76
1500.00
845.29
1237.29
1435.81
595.61
1003.44
1343.00
1500.00
1508.84
1500.00
1500.00
1500.00
1441.96
1034.28
571.38
599.66
571.61
1045.78
669.68
1158.74
1213.95
689.65
1500.00
965.80
1191.18
1500.00
835.51
1025.19
429.36
487.68
623.39
649.47
1111.36
1160.00
1320.40
1647.91
918.03
1573.38
1377.86
615.89
853.84
1118.94
637.20
894.61
513.76
508.56
581.08
556.19
900.52
1457.40
480.13
1258.25
1312.01
1500.00
883.54
534.80
716.18
451.05
1500.00
1358.90
1500.00
756.21
1080.71
1021.32
1047.06
1500.00
1088.72
1543.44
657.26
1123.02
704.16
737.69
972.68
566.86
1669.43
1486.55
1376.52
555.46
1315.78
923.57
530.88
1571.10
609.21
1036.16
675.52
1040.53
1500.00
1111.37
473.02
1287.48
1500.00
709.75
1305.86
1491.04
1090.85
976.43
1500.00
1500.00
754.23
1077.78
1290.29
530.95
592.70
1569.59
1156.37
454.87
1500.00
1244.53
728.02
1247.65
1500.00
628.73
692.61
1550.52
526.94
704.90
1580.69
712.87
478.55
1153.89
559.11
759.85
483.72
934.18
1409.75
1508.32
760.42
817.12
534.80
1225.00
1316.65
1500.00
1300.41
815.59
1500.00
1002.35
1133.86
1272.98
1430.91
969.15
544.11
1500.00
1053.18
662.45
850.27
661.48
1723.51
1056.75
667.86
1617.60
1258.82
1180.57
1195.37
1052.01
1177.47
1433.34
934.60
1043.55
1500.00
902.51
1500.00
569.78
976.58
1115.26
1163.62
990.79
1400.11
620.47
1149.16
1560.32
646.99
1336.34
905.01
935.11
604.89
524.90
901.83
452.78
1500.00
460.32
1006.14
1500.00
1481.38
1500.00
562.37
645.71
1068.83
1361.81
618.73
1037.98
1192.97
849.37
749.87
1592.86
785.46
543.83
919.47
416.23
1485.23
1500.00
829.27
480.59
1500.00
616.79
1388.97
1500.00
1500.00
1159.06
812.11
975.64
415.11
433.64
1379.63
1651.29
999.41
1177.49
1500.00
898.14
1500.00
1523.89
1503.78
595.75
963.84
1212.72
858.88
570.27
1275.60
1562.13
1216.53
1417.43
672.94
1500.00
1500.00
498.23
1193.95
956.35
1086.11
1500.00
1487.33
742.25
1500.00
1032.95
1500.00
613.98
870.86
1500.00
446.62
582.55
565.02
719.40
1609.15
1253.05
1255.26
537.74
1431.46
1414.05
393.86
1297.91
1313.30
1290.19
514.95
1512.59
903.72
728.29
1444.67
1500.00
872.80
544.89
445.63
569.65
977.52
1646.34
1509.97
623.16
652.15
721.67
1215.18
761.58
1500.00
1227.85
1706.82
1500.00
1172.26
800.54
969.21
739.63
1552.13
1500.00
919.01
1500.00
1500.00
1500.00
1171.35
734.74
1107.26
1119.79
1320.97
723.59
1500.00
1472.32
1500.00
1134.22
1279.70
1500.00
779.64
1279.59
1418.45
1500.00
1123.74
1357.68
717.58
485.90
1476.05
937.74
787.58
1195.68
1222.53
1290.14
1340.79
1611.68
556.82
1361.70
1500.00
1138.10
871.26
1386.50
1255.73
1326.51
1566.76
1301.21
725.45
1520.72
612.38
1500.00
1500.00
1500.00
580.07
1043.30
1500.00
1156.68
1081.46
549.39
999.26
494.03
1267.76
439.99
840.79
696.84
1141.06
951.79
1426.92
1110.31
1430.38
1500.00
1500.00
639.21
670.28
522.42
571.78
1681.69
1116.64
1239.21
1500.00
430.13
531.72
1393.91
1304.10
1480.79
1305.19
726.35
776.64
1129.24
919.78
1326.14
939.41
898.11
947.46
773.31
1126.74
1000.03
991.65
1048.90
1500.00
1558.70
1586.32
697.28
1235.48
923.91
1570.45
471.51
587.23
712.59
1098.59
1032.55
1500.00
1500.00
887.72
1134.12
510.11
1373.56
967.48
538.86
1268.80
1069.79
1170.85
1237.10
644.47
1357.15
1200.96
1407.05
1478.52
1292.75
909.28
1202.16
1099.84
1525.16
1231.43
1500.00
556.83
524.45
1487.62
691.13
1160.14
430.96
707.16
1300.93
585.10
772.06
643.27
596.31
1500.00
635.60
1165.32
1500.00
1500.00
674.17
1500.00
1500.00
1215.53
723.23
1685.32
1123.80
1500.00
619.78
1500.00
1486.45
569.62
734.69
620.24
1024.58
875.13
610.46
1393.47
1298.90
892.20
514.72
1414.21
890.58
1279.79
471.44
1047.78
1104.60
730.03
620.02
957.25
574.64
1152.61
1319.49
1276.38
1655.70
778.70
1500.00
1057.40
1083.55
1500.00
634.85
1216.79
1500.00
1240.00
1057.04
488.07
1310.23
744.33
1500.00
622.00
1184.03
1409.83
776.75
1638.66
1330.62
1277.21
1004.07
771.21
1500.00
1112.44
688.31
1414.92
1210.06
515.33
1022.08
1268.20
1280.59
517.39
578.27
1177.28
451.67
1337.30
1185.96
1071.29
792.98
1718.07
1169.48
512.21
891.14
1500.00
1267.85
1469.42
1079.87
793.89
999.75
1315.58
1564.64
1446.18
713.64
1500.00
1030.83
559.95
1766.76
1032.22
497.33
1488.14
1643.25
1540.75
1500.00
892.63
1570.00
628.30
1250.38
1221.46
1516.78
1500.00
1258.44
799.09
1194.96
1500.00
1449.56
1500.00
1500.00
745.52
573.76
1258.55
872.17
952.89
517.72
469.42
1652.45
584.21
561.50
1319.05
630.73
772.61
1132.20
971.19
432.80
814.71
1594.31
960.79
368.33
496.63
1500.00
1140.63
988.12
1500.00
854.34
452.35
1500.00
1289.61
1501.54
1500.00
1005.02
1306.60
558.77
1123.90
943.29
1064.36
1023.10
1210.01
1530.48
562.14
1500.00
1632.88
1306.57
1300.18
1555.94
1503.06
990.56
657.60
1185.82
615.96
1259.59
1278.52
1489.78
1581.74
500.03
1285.66
1551.49
673.81
520.61
1500.00
1500.00
1134.22
1205.95
1231.70
580.03
1500.00
498.59
1089.14
1503.54
1693.87
676.58
1500.00
539.74
944.73
676.68
1464.11
1295.65
363.45
634.04
1114.69
453.32
1500.00
1234.77
1463.05
1490.68
730.55
849.57
607.21
1500.00
781.95
1566.17
1441.76
380.70
1500.00
1018.60
820.71
1077.01
619.16
1500.00
826.51
1047.40
1753.28
1267.60
717.05
1500.00
975.51
1316.09
1204.60
993.98
1047.83
831.76
631.22
1542.88
1083.72
809.06
1542.29
396.97
1086.26
1303.15
776.92
937.16
1120.76
1500.00
1018.70
823.33
1412.52
579.77
562.54
1387.55
924.35
1366.87
630.60
465.39
532.88
1473.82
1500.00
1253.74
1500.00
1233.73
1315.45
1040.06
1500.00
1448.93
909.88
1145.06
1127.91
1500.00
576.08
1374.65
1304.90
1407.75
625.12
556.32
1560.99
1542.35
1183.90
1148.78
1136.46
1500.00
730.34
1233.06
800.77
1326.39
1406.93
1404.82
1403.41
1500.00
1017.60
1500.00
496.32
792.28
831.31
1091.06
1484.57
1208.75
1183.66
783.59
997.24
1500.00
594.82
580.39
1540.96
609.59
642.33
1321.33
583.42
1501.31
1752.09
576.66
945.76
1371.37
438.40
1279.53
817.63
1500.00
992.53
482.13
1453.07
628.84
1579.50
685.28
776.69
1500.00
1500.00
722.29
503.29
846.13
1306.56
1500.00
1333.08
1258.86
797.48
1500.00
1671.09
1523.77
1252.50
1372.34
1048.44
924.33
519.22
1226.52
1500.00
1704.63
1500.00
1370.59
969.46
1018.04
1280.68
1500.00
1436.49
1249.23
580.31
494.64
1429.52
1023.70
1101.41
972.99
1500.00
466.64
1738.79
1500.00
1500.00
761.93
1432.17
1175.64
1500.00
1424.70
1500.00
1364.33
1386.09
799.01
1385.46
638.88
1128.35
1562.34
473.05
1500.00
536.22
533.41
1070.23
598.12
1649.09
1458.54
1500.00
1500.00
1282.43
1500.00
945.41
1500.00
1014.22
700.94
1238.81
1129.49
1117.40
767.61
1317.63
1500.00
442.06
1364.52
1023.10
1500.00
1500.00
1483.66
1500.00
1263.15
727.44
553.56
443.14
930.39
1500.00
1476.09
1116.31
814.78
1417.17
698.62
1778.81
606.92
470.65
1087.31
1500.00
951.87
1494.09
1500.00
734.25
1266.63
673.99
1150.77
710.21
1500.00
1151.86
1305.75
1500.00
958.64
735.62
1364.40
1179.86
784.69
1353.07
1380.25
567.52
568.94
1500.00
849.06
1209.16
796.25
737.76
1399.60
1026.25
592.32
778.54
1653.27
1283.94
937.47
896.16
906.91
1103.88
680.61
1383.86
1600.94
944.58
1563.28
1278.43
1500.00
1463.79
1632.61
1500.00
1531.85
1500.00
1291.36
1117.32
1014.86
1422.42
1500.00
1242.45
1500.00
1367.89
803.82
1500.00
674.53
902.88
1500.00
924.58
499.69
510.56
496.46
1592.82
601.57
1500.00
1629.55
1199.38
1175.19
1104.05
418.89
863.31
1203.45
836.85
1484.53
877.49
1367.45
1478.75
1362.98
924.11
755.46
709.99
703.12
1064.28
1081.64
1197.17
987.87
1565.13
1261.15
826.36
542.63
1412.37
845.31
1500.00
516.84
584.87
1532.35
738.56
1411.48
854.33
742.30
543.49
1230.70
567.80
1500.00
1318.15
719.64
1340.23
543.40
577.77
1500.00
1191.69
1130.23
1500.00
616.89
737.11
1119.49
470.82
1173.15
1079.78
1430.74
1291.08
1404.46
1201.77
1156.03
552.71
1650.58
1500.00
452.27
625.86
645.18
979.22
1500.00
1282.95
1447.12
1102.00
1243.60
1116.78
1178.05
1310.81
840.94
1440.61
705.39
1265.20
610.72
1327.15
1627.08
1098.25
1014.91
1138.35
1537.97
1500.00
1278.61
1500.00
1500.00
1348.58
1682.68
564.94
1500.00
1159.92
658.08
805.21
1389.80
1036.67
597.29
1386.16
1281.52
1620.96
1345.02
989.61
1500.00
1044.03
1296.09
615.53
829.57
1121.68
795.81
610.48
1500.00
1001.08
572.23
469.43
799.27
1500.00
1312.88
670.36
762.80
1500.00
1500.00
1040.39
949.98
1567.16
944.85
395.28
1500.00
685.18
594.65
1371.31
1135.96
1088.42
1325.44
766.92
1340.84
1500.00
689.13
1102.24
904.83
1108.23
1308.73
1466.28
719.39
522.25
906.86
1414.04
1486.27
1500.00
981.32
1370.98
573.52
1078.17
1249.12
605.84
565.82
1103.58
498.98
1084.82
1236.25
1654.92
1141.76
611.23
699.45
1501.87
1200.69
1309.53
664.65
859.51
1097.73
1219.99
1207.08
1500.00
1171.73
719.77
1304.52
1500.00
1341.88
1370.07
414.80
613.08
1400.72
1353.51
1201.22
1575.02
997.30
1382.00
751.65
1235.23
590.29
1500.00
1095.02
1489.20
710.04
834.13
1500.00
504.72
931.13
1246.32
939.59
932.28
538.81
1578.73
777.21
799.61
1627.33
1500.00
559.78
1345.63
1309.19
1500.00
710.23
1473.19
1293.21
625.68
1227.36
1341.59
938.25
635.82
955.96
835.44
954.67
838.65
580.99
1397.49
1412.69
1500.00
1325.25
708.57
1452.06
1211.36
1234.44
962.85
621.37
649.77
1500.00
727.95
1323.39
1153.43
570.80
1400.29
1553.43
662.84
1669.68
861.73
1207.49
1239.74
1365.48
1700.29
1374.78
1500.00
494.04
481.80
1374.32
1662.10
1508.57
843.83
1099.55
1563.42
1500.00
963.65
1354.82
823.28
1348.81
845.34
1500.00
660.05
791.12
1439.50
1332.04
696.90
1332.27
1440.00
1500.00
381.73
964.71
618.00
489.68
823.60
1500.00
1500.00
1147.93
364.68
985.26
966.37
1141.95
1500.00
1337.63
870.43
1039.25
919.88
580.89
1273.04
1414.90
1394.83
397.83
1553.61
828.79
821.06
492.55
901.09
1254.97
1278.72
476.73
1259.53
1442.19
1500.00
1008.56
1532.15
1500.00
495.16
1244.84
1020.36
1459.65
1403.93
1164.28
1293.94
771.74
1405.33
500.36
594.52
1500.00
1142.47
1421.67
1208.27
660.43
918.14
1500.00
750.36
1500.00
888.27
1636.01
1500.00
541.16
901.17
978.16
521.08
1365.24
1500.74
355.86
1473.62
1470.90
893.63
1410.13
1306.18
1412.43
1500.00
1048.54
446.23
540.39
815.18
981.19
514.85
933.31
989.37
653.85
410.23
878.20
1500.00
775.01
952.30
1107.97
1542.03
1240.69
1304.05
468.12
1500.00
1451.63
1420.31
943.02
534.56
1625.43
1127.36
1478.08
1315.55
454.62
560.88
419.89
1605.02
1176.13
540.77
1500.00
1285.98
1168.10
923.41
776.81
1500.00
1607.62
462.07
1041.77
1291.87
1500.00
483.09
1562.54
1570.47
1724.31
821.12
1370.85
450.55
569.66
978.88
1506.83
851.53
613.43
1223.15
919.25
596.27
1306.05
415.97
989.70
950.03
1389.00
1096.91
989.96
809.24
1240.79
1332.57
1504.39
1240.72
1169.66
847.12
1129.46
1500.00
758.43
1321.36
831.71
561.56
1058.29
1500.00
1245.05
1063.06
310.72
1012.65
1307.73
500.97
1584.74
1251.51
1500.00
1500.00
850.03
1649.58
1143.24
1708.76
607.88
1595.96
625.85
843.79
1621.87
1633.98
1250.81
1500.00
1212.29
561.93
685.96
1316.37
420.16
1556.18
581.97
1357.55
1500.00
1451.39
590.52
633.60
610.47
1491.53
1487.92
471.29
478.76
971.70
1500.00
1500.00
1310.30
1500.00
1194.62
1500.00
1558.88
766.73
754.40
1071.04
778.74
1605.47
525.46
1104.49
1442.72
587.82
1725.50
998.62
822.71
533.33
589.26
564.88
764.28
1262.18
1500.00
1366.78
486.68
1500.00
1407.19
964.63
1189.79
1319.75
1448.15
486.69
985.07
784.80
1526.98
816.61
1101.11
1612.00
1466.19
1479.38
1500.00
1500.00
1500.00
1360.29
1082.40
806.54
875.32
1512.10
681.11
1512.78
707.71
854.64
990.90
1038.92
912.49
1173.65
472.62
1500.00
1500.00
1500.00
1088.46
1218.12
849.06
1500.00
529.60
747.29
469.72
982.65
880.70
1259.11
1258.37
1080.39
837.11
628.30
1314.53
1500.00
1258.83
1500.00
1308.24
1500.00
1268.03
1125.85
1237.18
1500.00
384.15
1253.84
1423.10
656.15
1112.24
1150.84
1276.20
871.10
860.85
1378.31
518.89
1479.01
1486.79
467.00
886.51
1500.00
1083.23
528.44
545.36
945.69
460.37
1083.04
541.58
1119.98
1255.89
1385.90
1009.00
1204.89
515.74
1616.53
534.28
591.29
1070.23
1550.94
800.66
1421.08
1547.74
600.25
686.22
720.00
1500.00
1198.47
997.61
1502.82
1500.00
580.82
1500.00
1310.17
1561.63
1078.95
1215.19
1226.57
572.82
761.59
1500.00
553.33
750.07
1500.00
1051.49
616.60
1069.26
1369.71
1416.62
1552.90
748.81
628.93
1508.16
1133.64
823.15
984.36
440.66
516.01
1343.45
1264.87
1122.67
736.48
1413.06
1105.34
1185.50
1319.20
663.94
1492.18
1146.56
836.78
886.37
1039.75
1114.91
692.57
1370.11
1261.21
1575.33
1468.39
1086.18
836.41
1187.62
1516.23
1500.00
1228.61
979.50
1171.12
1339.88
1093.61
1535.41
1075.40
1197.52
614.52
1316.96
1076.67
1500.00
1351.95
560.58
1116.64
691.98
843.78
925.19
646.52
1394.33
715.27
905.80
1080.92
832.47
761.66
564.92
512.39
1277.82
786.40
1151.11
1331.90
1500.00
1060.90
1500.00
829.07
1150.15
987.16
684.23
1096.05
1390.05
1500.00
620.00
1560.50
834.28
991.97
1500.00
941.25
548.86
1064.70
625.48
709.33
1500.00
1670.63
823.11
1396.55
1500.00
1500.00
823.05
1113.36
879.26
1402.00
474.07
687.45
746.35
1081.88
450.57
1500.00
1500.00
957.25
785.70
1236.12
750.58
1219.81
1500.00
1175.10
609.66
1441.95
913.46
1116.72
866.95
748.52
1032.46
1551.72
1328.67
1553.84
563.53
1500.00
825.07
1196.09
1536.21
1500.00
1347.94
1593.21
1163.93
1343.22
982.18
634.26
1016.52
1669.83
1016.84
1078.44
1636.85
1500.00
1439.71
1414.13
1500.00
920.32
663.67
1500.00
1295.86
733.97
1113.94
982.07
1186.80
1469.89
1574.05
1291.47
890.44
1537.02
677.31
1380.12
1247.65
1091.77
522.22
990.47
873.19
1083.71
1065.45
957.07
729.11
609.22
782.14
1268.22
1392.45
620.06
923.06
1210.15
1674.42
1579.56
1317.32
555.78
1435.99
1097.90
1500.00
1487.68
1095.05
860.27
819.22
1395.39
1469.98
1246.00
1137.49
1230.14
1082.93
1401.97
1278.07
1620.85
1434.42
1119.94
1361.77
1126.91
1500.00
923.17
545.11
647.10
723.64
1050.71
743.61
765.23
760.90
867.51
961.72
694.94
1500.00
1231.65
382.04
821.60
1452.42
785.16
1119.84
981.42
955.59
470.33
1167.84
1150.51
487.00
1223.75
1558.55
746.54
1547.63
1173.24
1500.00
1551.14
544.77
1029.75
1257.68
1619.74
1045.04
578.94
475.09
1500.00
1058.27
1024.35
1462.10
684.34
1271.62
1500.00
934.93
1500.00
1500.00
1290.48
582.38
1365.36
655.82
575.37
786.81
473.54
1500.00
1500.00
593.67
1616.97
839.06
1481.64
864.52
1500.00
1500.00
1132.10
542.69
1500.00
1083.95
540.70
555.46
944.61
758.49
613.17
749.64
1175.80
1500.00
1081.20
1500.00
1152.23
549.41
1005.85
902.66
1500.00
1500.00
615.80
1189.56
1272.69
1302.28
1483.06
1469.02
605.00
1200.67
1551.56
1510.45
1370.55
655.89
775.53
964.76
918.59
682.69
419.15
1469.32
1713.32
1211.50
800.23
972.55
1228.71
1189.22
1411.25
1518.65
578.49
1454.97
1500.00
1278.63
776.48
1569.80
1091.63
1218.16
473.48
446.41
1500.00
1135.30
1500.00
671.29
1032.28
594.41
824.75
599.02
1115.32
1500.00
1500.00
429.77
912.69
639.89
1249.02
510.90
1234.79
684.46
1261.24
1500.00
668.36
305.47
497.97
1263.71
1378.35
1531.96
991.55
918.56
1282.05
1092.71
707.30
1163.87
996.24
476.49
1243.75
1716.90
802.41
844.75
885.85
1331.69
783.99
1062.53
851.37
1526.25
1420.85
971.18
1329.74
872.75
744.52
1545.52
914.48
1473.27
1386.63
1344.83
1288.68
1048.76
1264.53
987.78
892.55
1500.00
1134.84
596.65
747.13
753.20
838.53
859.38
847.04
1500.00
1362.36
1500.00
1205.02
1146.97
534.08
1227.08
1500.00
986.08
930.33
525.25
1019.41
1476.10
1375.28
1153.88
1543.45
1183.52
936.23
1260.22
1278.35
1500.00
473.49
1321.72
1173.51
698.26
1500.00
1412.89
1413.06
831.72
508.32
932.55
923.05
1172.74
874.26
619.99
377.44
1461.72
1210.53
1406.33
1500.00
1203.98
990.06
1127.95
896.32
1500.00
1261.09
976.11
592.30
1409.33
625.02
636.06
1521.32
485.91
617.31
766.20
1264.70
1314.37
1570.89
518.05
645.00
1234.06
585.66
478.30
559.31
1630.42
637.53
1366.77
1356.07
949.31
1291.51
1258.27
886.66
766.92
1405.47
998.19
1286.56
1071.62
533.79
1500.00
1290.35
966.28
1413.19
1273.23
1380.64
1005.69
1445.19
515.19
742.51
891.51
534.29
1500.00
1500.00
1616.64
1122.43
1051.35
1294.20
1103.82
918.33
1543.36
654.68
1152.77
1043.14
1500.00
1500.00
1500.00
675.74
508.47
551.76
885.22
1500.00
1375.93
543.86
1324.43
530.10
1244.62
1500.00
809.92
1093.76
1363.64
1199.15
1006.81
602.04
1661.45
720.95
829.54
1500.00
855.78
823.98
462.28
948.23
559.34
1500.00
619.66
908.69
1500.00
904.90
519.04
1500.00
1354.52
981.69
1500.00
991.43
910.47
1608.09
1234.86
586.24
750.43
976.30
1594.11
444.45
1500.00
1501.77
695.60
674.52
1301.68
743.47
1076.92
1388.12
1079.31
1095.58
964.53
475.66
503.97
1221.80
593.10
391.12
1500.00
1397.38
1500.00
487.69
474.56
464.98
1204.14
1500.00
1331.02
522.81
1500.00
1456.37
1208.90
923.57
1086.01
1459.76
625.64
1615.70
1505.30
852.32
633.69
391.05
704.73
1368.13
421.42
1500.00
1319.88
1129.23
553.52
1474.79
1192.20
892.02
1500.00
1500.00
791.11
1018.57
1175.95
1173.11
741.21
1544.75
956.18
1042.54
785.53
1500.00
953.44
1352.62
1460.99
1500.00
1200.34
1129.29
1542.65
1265.75
550.64
1366.32
511.58
888.25
934.93
1144.51
1324.13
625.97
791.14
723.33
1173.98
1500.00
1184.72
1500.00
1342.80
1282.82
1286.31
940.11
1418.39
1410.32
741.49
739.72
1218.88
717.60
1514.10
1513.13
1482.53
1279.51
1330.88
650.07
584.36
1500.00
1500.00
726.54
1681.68
915.23
703.38
1500.00
1057.25
1500.00
966.72
1655.04
1363.52
1174.61
399.37
555.48
1194.48
486.97
1182.68
1500.00
1305.12
620.78
1209.71
1395.28
1015.33
385.83
972.71
1413.44
1500.00
1500.00
1279.92
1040.02
1072.09
480.74
945.12
1117.31
1343.74
851.75
1146.28
1189.84
958.32
1523.05
779.52
666.74
1352.73
1665.02
874.11
1523.97
1421.59
1500.00
1247.32
757.04
1500.00
557.46
530.45
510.61
1084.34
436.64
1233.39
1311.90
1500.00
670.96
1500.00
584.06
561.66
530.16
1500.00
1500.00
1273.69
1300.01
1407.17
561.59
1388.60
1189.35
1539.47
940.16
1559.38
475.31
1297.38
484.20
1088.01
1442.83
883.28
1500.00
753.62
1500.00
1210.12
501.73
1480.03
1292.97
1072.69
1628.31
1073.41
599.16
1432.87
1500.00
1017.49
604.15
1152.98
617.83
1500.00
910.01
1500.00
1500.00
726.64
1352.05
760.56
427.08
639.56
1304.56
652.25
1200.72
767.18
1237.11
1323.92
1500.00
893.58
1125.50
577.61
1210.01
727.31
1497.39
1500.00
1500.00
1001.61
552.24
591.66
1500.00
1340.56
1333.90
1068.30
1474.53
487.33
1177.57
601.87
475.56
1104.44
1147.70
1475.34
796.24
1445.05
1360.15
1204.30
1500.00
428.40
527.98
1239.71
592.89
609.05
1037.47
786.30
1197.63
1500.00
1484.97
1340.55
1270.49
964.58
1495.38
1136.82
1426.44
1500.00
484.27
832.80
663.04
529.21
1500.00
989.30
931.28
1099.07
1311.44
1156.54
528.34
1267.51
1500.00
744.20
1500.00
871.15
1500.00
1500.00
898.25
396.52
1147.26
1381.28
1383.70
647.31
1461.36
798.06
600.72
1045.32
1500.00
932.99
916.75
1369.02
1500.00
1500.00
560.21
1500.00
1237.53
1171.10
379.28
899.90
1011.01
884.92
1463.05
1285.61
963.79
848.73
856.69
1500.00
471.41
